1 5 12 0 10 15 2 6 9 18 16 17 3 11 19 13 14 
1 5 12 0 10 15 2 6 9 18 16 17 3 11 19 13 14 
1 5 12 0 10 15 2 6 9 18 16 17 3 11 19 13 14 
4 2 11 18 0 14 7 9 10 15 12 6 1 16 17 13 19 
4 2 11 18 0 14 7 9 10 15 12 6 1 16 17 13 19 
4 2 11 18 0 14 7 9 10 15 12 6 1 16 17 13 19 
4 2 11 18 0 14 7 9 10 15 12 6 1 16 17 13 19 
4 2 11 18 0 14 7 9 10 15 12 6 1 16 17 13 19 
4 2 11 18 0 14 7 9 10 15 12 6 1 16 17 13 19 
4 2 11 18 0 14 7 9 10 15 12 6 1 16 17 13 19 
4 2 11 18 0 14 7 9 10 15 12 6 1 16 17 13 19 
4 2 11 18 0 14 7 9 10 15 12 6 1 16 17 13 19 
4 2 11 18 0 14 7 9 10 15 12 6 1 16 17 13 19 
4 2 11 18 0 14 7 9 10 15 12 6 1 16 17 13 19 
4 2 11 18 0 14 7 9 10 15 12 6 1 16 17 13 19 
4 2 11 18 0 14 7 9 10 15 12 6 1 16 17 13 19 
4 2 11 18 0 14 7 9 10 15 12 6 1 16 17 13 19 
4 2 11 18 0 14 7 9 10 15 12 6 1 16 17 13 19 
1 5 12 0 10 15 2 6 9 18 16 17 3 11 19 13 14 
1 5 12 0 10 15 2 6 9 18 16 17 3 11 19 13 14 
1 5 12 0 10 15 2 6 9 18 16 17 3 11 19 13 14 
1 5 12 0 10 15 2 6 9 18 16 17 3 11 19 13 14 
1 5 12 0 10 15 2 6 9 18 16 17 3 11 19 13 14 
1 5 12 0 10 15 2 6 9 18 16 17 3 11 19 13 14 
1 5 12 0 10 15 2 6 9 18 16 17 3 11 19 13 14 
1 5 12 0 10 15 2 6 9 18 16 17 3 11 19 13 14 
1 5 12 0 10 15 2 6 9 18 16 17 3 11 19 13 14 
1 5 12 0 10 15 2 6 9 18 16 17 3 11 19 13 14 
1 5 12 0 10 15 2 6 9 18 16 17 3 11 19 13 14 
1 5 12 0 10 15 2 6 9 18 16 17 3 11 19 13 14 
1 5 12 0 10 15 2 6 9 18 16 17 3 11 19 13 14 
1 5 12 0 10 15 2 6 9 18 16 17 3 11 19 13 14 
1 5 12 0 10 15 2 6 9 18 16 17 3 11 19 13 14 
1 5 12 0 10 15 2 6 9 18 16 17 3 11 19 13 14 
1 5 12 0 10 15 2 6 9 18 16 17 3 11 19 13 14 
1 5 12 0 10 15 2 6 9 18 16 17 3 11 19 13 14 
1 5 12 0 10 15 2 6 9 18 16 17 3 11 19 13 14 
1 5 12 0 10 15 2 6 9 18 16 17 3 11 19 13 14 
1 5 12 0 10 15 2 6 4 2 11 18 0 14 7 99 18 16 17 3 11 19 13 14 
14 2 11 18 0 14 7 9 5 12 0 10 15 2 6 9 18 16 17 3 11 19 13 14 
4 2 11 18 0 14 7 9
4 2 11 18 0 14 7 9
4 2 11 18 0 14 7 9
4 2 11 18 0 14 7 9
4 2 11 18 0 14 7 9
4 2 11 18 0 14 7 9
4 2 11 18 0 14 7 9
4 2 11 18 0 14 7 9
4 2 11 18 0 14 7 9
4 2 11 18 0 14 7 9
4 2 11 18 0 14 7 9
4 2 11 18 0 14 7 9
4 2 11 18 0 14 7 9
4 2 11 18 0 14 7 9
4 2 11 18 0 14 7 9
4 2 11 18 0 14 7 9
4 2 11 18 0 14 7 9
4 2 11 18 0 14 7 9
4 2 11 18 0 14 7 9
4 2 11 18 0 14 7 9
4 2 11 18 0 14 7 9
4 2 11 18 0 14 7 9
4 2 11 18 0 14 7 9
4 2 11 18 0 14 7 9
4 2 11 18 0 14 7 9
4 2 11 18 0 14 7 9
4 2 11 18 0 14 7 9
4 2 11 18 0 14 7 9
4 2 11 18 0 14 7 9
4 2 11 18 0 14 7 9
4 2 11 18 0 14 7 9
4 2 11 18 0 14 7 9
4 2 11 18 0 14 7 9
4 2 11 18 0 14 7 9
4 2 11 18 0 14 7 9
4 2 11 18 0 14 7 9
4 2 11 18 0 14 7 9
4 2 11 18 0 14 7 9
4 2 11 18 0 14 7 9
4 2 11 18 0 14 7 9
4 2 11 18 0 14 7 9
4 2 11 18 0 14 7 9
4 2 11 18 0 14 7 9
4 2 11 18 0 14 7 9
4 2 11 18 0 14 7 9
4 2 11 18 0 14 7 9
4 2 11 18 0 14 7 9
4 2 11 18 0 14 7 9
4 2 11 18 0 14 7 9
4 2 11 18 0 14 7 9
4 2 11 18 0 14 7 9
4 2 11 18 0 14 7 9
4 2 11 18 0 14 7 9
4 2 11 18 0 14 7 9
4 2 11 18 0 14 7 9
4 2 11 18 0 14 7 9
4 2 11 18 0 14 7 9
4 2 11 18 0 14 7 9
4 2 11 18 0 14 7 9
4 2 11 18 0 14 7 9
